obstacles = [
    # Exterior walls - Top
    (0,0), (1,0), (2,0), (3,0), (4,0), (5,0), (6,0), (7,0), (8,0), (9,0), (10,0), (11,0), (12,0), (13,0), (14,0), (16,0), (17,0), (18,0), (19,0), (20,0), (21,0), (22,0), (23,0), (24,0), (25,0), (26,0), (27,0), (28,0), (29,0), (30,0),
    
    # Exterior walls - Bottom
    (0,30), (1,30), (2,30), (3,30), (4,30), (5,30), (6,30), (7,30), (8,30), (9,30), (10,30), (11,30), (12,30), (13,30), (14,30), (15,30), (16,30), (17,30), (18,30), (19,30), (20,30), (21,30), (22,30), (23,30), (24,30), (25,30), (26,30), (27,30), (28,30), (29,30), (30,30),
    
    # Exterior walls - Left
    (0,1), (0,2), (0,3), (0,4), (0,5), (0,6), (0,7), (0,8), (0,9), (0,10), (0,11), (0,12), (0,13), (0,14), (0,15), (0,16), (0,17), (0,18), (0,19), (0,20), (0,21), (0,22), (0,23), (0,24), (0,25), (0,26), (0,27), (0,28), (0,29),
    
    # Exterior walls - Right
    (30,1), (30,2), (30,3), (30,4), (30,5), (30,6), (30,7), (30,8), (30,9), (30,10), (30,11), (30,12), (30,13), (30,14), (30,15), (30,16), (30,17), (30,18), (30,19), (30,20), (30,21), (30,22), (30,23), (30,24), (30,25), (30,26), (30,27), (30,28), (30,29),
    
    # Interior walls - Main hallway divider
    (1,10), (3,10), (4,10), (5,10), (6,10), (7,10), (8,10), (9,10), (10,10), (11,10), (12,10), (13,10), (14,10), (15,10), (16,10), (17,10), (18,10), (19,10), (20,10), (21,10), (22,10), (23,10), (24,10), (26,10), (27,10), (28,10), (29,10),
    
    # Interior walls - Kitchen/dining room divider
    (1,20), (2,20), (3,20), (4,20), (5,20), (6,20), (7,20), (8,20), (9,20), (10,20), (11,20), (12,20), (13,20), (14,20), (16,20), (17,20), (18,20), (19,20), (20,20), (21,20), (22,20), (23,20), (24,20), (26,20), (27,20), (28,20), (29,20),
    
    # Interior walls - Left bedroom divider
    (10,1), (10,2), (10,3), (10,4), (10,5), (10,7), (10,8), (10,9),
    
    # Interior walls - Right bedroom divider
    (20,1), (20,2), (20,3), (20,4), (20,5), (20,7), (20,8), (20,9),
    
    # Interior walls - Bathroom wall
    (15,11), (15,12), (15,13), (15,14), (15,16), (15,17), (15,18), (15,19), (15,20),
    
    # Interior walls - Kitchen divider
    (15,21), (15,22), (15,23), (15,25), (15,26), (15,27), (15,28), (15,29),
    
    # Furniture - Living room couch
    (5,12), (6,12), (7,12), (5,13), (6,13), (7,13),
    
    # Furniture - Coffee table
    (5,15), (6,15),
    
    # Furniture - TV stand
    (12,11), (13,11),
    
    # Furniture - Bedroom 1 bed
    (3,3), (4,3), (5,3), (3,4), (4,4), (5,4),
    
    # Furniture - Bedroom 1 dresser
    (7,2), (8,2),
    
    # Furniture - Bedroom 2 bed
    (23,3), (24,3), (25,3), (23,4), (24,4), (25,4),
    
    # Furniture - Bedroom 2 nightstand
    (27,3),
    
    # Furniture - Kitchen island
    (5,23), (6,23), (7,23), (5,24), (6,24), (7,24),
    
    # Furniture - Refrigerator
    (2,22), (3,22), (2,23), (3,23),
    
    # Furniture - Stove
    (2,26), (3,26),
    
    # Furniture - Dining table
    (18,24), (19,24), (18,25), (19,25),
    
    # Bathroom fixtures - Toilet
    (17,13),
    
    # Bathroom fixtures - Sink
    (17,16),
    
    # Bathroom fixtures - Bathtub
    (17,18), (18,18)
]